
========================================
nb_model
========================================

nb_model cross_val AUC: 0.7987
Test AUC: 0.7899
              precision    recall  f1-score   support

           0       0.24      0.71      0.35       446
           1       0.22      0.75      0.35       400
           2       0.05      0.75      0.09        75
           3       0.11      0.90      0.19       123
           4       0.03      0.64      0.06        70
           5       0.03      0.50      0.05        82
           6       0.06      0.75      0.12       120
           7       0.26      0.68      0.37       576
           8       0.30      0.83      0.44       393
           9       0.03      0.75      0.05        44
          10       0.11      0.69      0.18       226
          11       0.04      0.75      0.08        55
          12       0.15      0.82      0.25       201

   micro avg       0.13      0.74      0.21      2811
   macro avg       0.12      0.73      0.20      2811
weighted avg       0.19      0.74      0.30      2811
 samples avg       0.05      0.19      0.07      2811


========================================
knn_model
========================================

knn_model cross_val AUC: 0.6719
Test AUC: 0.6693
              precision    recall  f1-score   support

           0       0.42      0.16      0.24       446
           1       0.47      0.16      0.24       400
           2       0.00      0.00      0.00        75
           3       0.47      0.07      0.11       123
           4       0.00      0.00      0.00        70
           5       0.00      0.00      0.00        82
           6       0.33      0.03      0.06       120
           7       0.37      0.13      0.19       576
           8       0.57      0.39      0.46       393
           9       0.00      0.00      0.00        44
          10       0.46      0.07      0.12       226
          11       0.50      0.04      0.07        55
          12       0.43      0.14      0.21       201

   micro avg       0.46      0.15      0.23      2811
   macro avg       0.31      0.09      0.13      2811
weighted avg       0.40      0.15      0.21      2811
 samples avg       0.06      0.04      0.04      2811


========================================
ada_model
========================================

ada_model cross_val AUC: 0.8187
Test AUC: 0.8214
              precision    recall  f1-score   support

           0       0.45      0.14      0.21       446
           1       0.55      0.21      0.30       400
           2       0.00      0.00      0.00        75
           3       0.36      0.11      0.17       123
           4       0.00      0.00      0.00        70
           5       0.00      0.00      0.00        82
           6       0.38      0.03      0.05       120
           7       0.41      0.11      0.17       576
           8       0.60      0.48      0.54       393
           9       0.00      0.00      0.00        44
          10       0.56      0.08      0.15       226
          11       0.33      0.13      0.18        55
          12       0.37      0.11      0.17       201

   micro avg       0.49      0.16      0.25      2811
   macro avg       0.31      0.11      0.15      2811
weighted avg       0.43      0.16      0.22      2811
 samples avg       0.07      0.04      0.05      2811


========================================
rf_model
========================================

rf_model cross_val AUC: 0.8066
Test AUC: 0.8019
              precision    recall  f1-score   support

           0       0.61      0.04      0.07       446
           1       0.50      0.01      0.02       400
           2       0.00      0.00      0.00        75
           3       0.00      0.00      0.00       123
           4       0.00      0.00      0.00        70
           5       0.00      0.00      0.00        82
           6       0.00      0.00      0.00       120
           7       0.48      0.02      0.04       576
           8       0.68      0.32      0.44       393
           9       0.00      0.00      0.00        44
          10       0.00      0.00      0.00       226
          11       0.00      0.00      0.00        55
          12       1.00      0.01      0.02       201

   micro avg       0.65      0.06      0.11      2811
   macro avg       0.25      0.03      0.05      2811
weighted avg       0.43      0.06      0.09      2811
 samples avg       0.03      0.01      0.02      2811


========================================
svc_model
========================================

svc_model cross_val AUC: 0.7701
Test AUC: 0.7709
              precision    recall  f1-score   support

           0       0.00      0.00      0.00       446
           1       0.00      0.00      0.00       400
           2       0.00      0.00      0.00        75
           3       0.00      0.00      0.00       123
           4       0.00      0.00      0.00        70
           5       0.00      0.00      0.00        82
           6       0.00      0.00      0.00       120
           7       0.00      0.00      0.00       576
           8       0.67      0.42      0.52       393
           9       0.00      0.00      0.00        44
          10       0.00      0.00      0.00       226
          11       0.00      0.00      0.00        55
          12       0.00      0.00      0.00       201

   micro avg       0.67      0.06      0.11      2811
   macro avg       0.05      0.03      0.04      2811
weighted avg       0.09      0.06      0.07      2811
 samples avg       0.04      0.01      0.02      2811


========================================
lr_model
========================================

lr_model cross_val AUC: 0.8006
Test AUC: 0.8135
              precision    recall  f1-score   support

           0       0.46      0.22      0.30       446
           1       0.47      0.27      0.34       400
           2       0.17      0.05      0.08        75
           3       0.38      0.22      0.28       123
           4       0.05      0.01      0.02        70
           5       0.25      0.06      0.10        82
           6       0.25      0.09      0.13       120
           7       0.47      0.18      0.26       576
           8       0.60      0.47      0.53       393
           9       0.04      0.02      0.03        44
          10       0.45      0.11      0.17       226
          11       0.27      0.16      0.20        55
          12       0.36      0.20      0.26       201

   micro avg       0.45      0.22      0.30      2811
   macro avg       0.33      0.16      0.21      2811
weighted avg       0.43      0.22      0.28      2811
 samples avg       0.08      0.06      0.06      2811


========================================
mlp_model
========================================

mlp_model cross_val AUC: 0.8468
Test AUC: 0.7946
              precision    recall  f1-score   support

           0       0.40      0.11      0.18       446
           1       0.52      0.15      0.23       400
           2       0.25      0.01      0.03        75
           3       0.38      0.11      0.17       123
           4       0.11      0.01      0.03        70
           5       0.17      0.01      0.02        82
           6       0.18      0.12      0.15       120
           7       0.44      0.16      0.23       576
           8       0.61      0.40      0.49       393
           9       0.13      0.11      0.12        44
          10       0.41      0.06      0.10       226
          11       0.27      0.05      0.09        55
          12       0.33      0.12      0.18       201

   micro avg       0.44      0.16      0.23      2811
   macro avg       0.32      0.11      0.15      2811
weighted avg       0.42      0.16      0.22      2811
 samples avg       0.06      0.04      0.04      2811


========================================
xgb_model
========================================

xgb_model cross_val AUC: 0.8278
Test AUC: 0.8263
              precision    recall  f1-score   support

           0       0.51      0.18      0.27       446
           1       0.54      0.21      0.30       400
           2       0.00      0.00      0.00        75
           3       0.41      0.12      0.19       123
           4       0.00      0.00      0.00        70
           5       0.00      0.00      0.00        82
           6       0.29      0.02      0.03       120
           7       0.45      0.13      0.20       576
           8       0.61      0.45      0.52       393
           9       0.00      0.00      0.00        44
          10       0.60      0.08      0.14       226
          11       0.67      0.07      0.13        55
          12       0.36      0.13      0.19       201

   micro avg       0.52      0.17      0.26      2811
   macro avg       0.34      0.11      0.15      2811
weighted avg       0.45      0.17      0.24      2811
 samples avg       0.07      0.04      0.05      2811


========================================
gbdt_model
========================================

gbdt_model cross_val AUC: 0.8428
Test AUC: 0.8345
              precision    recall  f1-score   support

           0       0.54      0.15      0.23       446
           1       0.59      0.21      0.31       400
           2       0.00      0.00      0.00        75
           3       0.37      0.13      0.19       123
           4       0.00      0.00      0.00        70
           5       0.00      0.00      0.00        82
           6       0.27      0.03      0.05       120
           7       0.49      0.11      0.18       576
           8       0.65      0.47      0.54       393
           9       0.06      0.02      0.03        44
          10       0.61      0.08      0.13       226
          11       0.09      0.02      0.03        55
          12       0.47      0.14      0.21       201

   micro avg       0.51      0.17      0.25      2811
   macro avg       0.32      0.10      0.15      2811
weighted avg       0.47      0.17      0.23      2811
 samples avg       0.07      0.04      0.05      2811

Now start to train text model

========================================
nb_model
========================================

nb_model cross_val AUC: 0.8478
Test AUC: 0.8416
              precision    recall  f1-score   support

           0       0.26      0.79      0.39       446
           1       0.28      0.87      0.42       400
           2       0.06      0.81      0.10        75
           3       0.12      0.93      0.22       123
           4       0.03      0.66      0.06        70
           5       0.05      0.70      0.09        82
           6       0.07      0.82      0.13       120
           7       0.27      0.75      0.40       576
           8       0.32      0.91      0.48       393
           9       0.03      0.80      0.06        44
          10       0.12      0.77      0.21       226
          11       0.06      0.89      0.11        55
          12       0.14      0.84      0.24       201

   micro avg       0.14      0.81      0.25      2811
   macro avg       0.14      0.81      0.22      2811
weighted avg       0.21      0.81      0.33      2811
 samples avg       0.07      0.22      0.09      2811


========================================
knn_model
========================================

knn_model cross_val AUC: 0.7686
Test AUC: 0.7584
              precision    recall  f1-score   support

           0       0.54      0.33      0.41       446
           1       0.60      0.38      0.46       400
           2       0.40      0.05      0.09        75
           3       0.73      0.37      0.49       123
           4       0.14      0.01      0.03        70
           5       0.64      0.22      0.33        82
           6       0.22      0.05      0.08       120
           7       0.54      0.28      0.37       576
           8       0.66      0.59      0.62       393
           9       0.00      0.00      0.00        44
          10       0.50      0.19      0.27       226
          11       0.41      0.20      0.27        55
          12       0.49      0.20      0.28       201

   micro avg       0.57      0.31      0.40      2811
   macro avg       0.45      0.22      0.28      2811
weighted avg       0.53      0.31      0.38      2811
 samples avg       0.12      0.09      0.10      2811


========================================
ada_model
========================================

ada_model cross_val AUC: 0.9044
Test AUC: 0.9018
              precision    recall  f1-score   support

           0       0.53      0.33      0.41       446
           1       0.59      0.42      0.49       400
           2       0.37      0.09      0.15        75
           3       0.64      0.40      0.49       123
           4       0.30      0.04      0.07        70
           5       0.53      0.38      0.44        82
           6       0.32      0.21      0.25       120
           7       0.55      0.34      0.42       576
           8       0.67      0.66      0.67       393
           9       0.46      0.14      0.21        44
          10       0.53      0.22      0.31       226
          11       0.39      0.35      0.37        55
          12       0.40      0.14      0.21       201

   micro avg       0.56      0.35      0.43      2811
   macro avg       0.48      0.29      0.35      2811
weighted avg       0.54      0.35      0.42      2811
 samples avg       0.14      0.11      0.11      2811


========================================
rf_model
========================================

rf_model cross_val AUC: 0.9061
Test AUC: 0.8991
              precision    recall  f1-score   support

           0       0.66      0.16      0.26       446
           1       0.71      0.28      0.40       400
           2       0.00      0.00      0.00        75
           3       0.86      0.15      0.25       123
           4       0.00      0.00      0.00        70
           5       0.00      0.00      0.00        82
           6       0.00      0.00      0.00       120
           7       0.65      0.14      0.24       576
           8       0.71      0.52      0.60       393
           9       0.00      0.00      0.00        44
          10       0.78      0.06      0.11       226
          11       0.00      0.00      0.00        55
          12       0.42      0.02      0.05       201

   micro avg       0.69      0.18      0.29      2811
   macro avg       0.37      0.10      0.15      2811
weighted avg       0.57      0.18      0.25      2811
 samples avg       0.08      0.05      0.06      2811


========================================
svc_model
========================================

svc_model cross_val AUC: 0.8601
Test AUC: 0.8435
              precision    recall  f1-score   support

           0       0.66      0.23      0.34       446
           1       0.71      0.35      0.47       400
           2       0.00      0.00      0.00        75
           3       0.77      0.38      0.51       123
           4       0.00      0.00      0.00        70
           5       0.78      0.09      0.15        82
           6       0.57      0.03      0.06       120
           7       0.73      0.29      0.41       576
           8       0.69      0.71      0.70       393
           9       0.00      0.00      0.00        44
          10       0.90      0.04      0.08       226
          11       0.53      0.18      0.27        55
          12       0.48      0.05      0.10       201

   micro avg       0.70      0.28      0.40      2811
   macro avg       0.52      0.18      0.24      2811
weighted avg       0.65      0.28      0.35      2811
 samples avg       0.12      0.08      0.09      2811


========================================
lr_model
========================================

lr_model cross_val AUC: 0.9252
Test AUC: 0.9219
              precision    recall  f1-score   support

           0       0.61      0.31      0.41       446
           1       0.65      0.41      0.50       400
           2       0.20      0.01      0.03        75
           3       0.70      0.42      0.53       123
           4       0.00      0.00      0.00        70
           5       0.76      0.23      0.36        82
           6       0.36      0.13      0.20       120
           7       0.64      0.32      0.43       576
           8       0.70      0.66      0.68       393
           9       1.00      0.05      0.09        44
          10       0.59      0.18      0.28       226
          11       0.45      0.18      0.26        55
          12       0.44      0.09      0.16       201

   micro avg       0.64      0.32      0.43      2811
   macro avg       0.55      0.23      0.30      2811
weighted avg       0.59      0.32      0.40      2811
 samples avg       0.13      0.09      0.10      2811


========================================
mlp_model
========================================

mlp_model cross_val AUC: 0.9038
Test AUC: 0.9037
              precision    recall  f1-score   support

           0       0.55      0.48      0.51       446
           1       0.58      0.42      0.48       400
           2       0.38      0.12      0.18        75
           3       0.71      0.52      0.60       123
           4       0.29      0.06      0.10        70
           5       0.50      0.32      0.39        82
           6       0.34      0.27      0.30       120
           7       0.58      0.46      0.51       576
           8       0.66      0.65      0.65       393
           9       0.30      0.27      0.29        44
          10       0.50      0.30      0.37       226
          11       0.39      0.27      0.32        55
          12       0.35      0.18      0.24       201

   micro avg       0.55      0.42      0.47      2811
   macro avg       0.47      0.33      0.38      2811
weighted avg       0.53      0.42      0.46      2811
 samples avg       0.15      0.13      0.13      2811


========================================
xgb_model
========================================

xgb_model cross_val AUC: 0.9181
Test AUC: 0.9158
              precision    recall  f1-score   support

           0       0.57      0.34      0.42       446
           1       0.60      0.43      0.50       400
           2       0.00      0.00      0.00        75
           3       0.68      0.41      0.51       123
           4       0.17      0.01      0.03        70
           5       0.66      0.26      0.37        82
           6       0.27      0.12      0.16       120
           7       0.62      0.36      0.46       576
           8       0.69      0.63      0.66       393
           9       0.80      0.09      0.16        44
          10       0.59      0.17      0.26       226
          11       0.43      0.22      0.29        55
          12       0.49      0.16      0.25       201

   micro avg       0.60      0.34      0.43      2811
   macro avg       0.50      0.25      0.31      2811
weighted avg       0.57      0.34      0.41      2811
 samples avg       0.14      0.10      0.11      2811


========================================
gbdt_model
========================================

gbdt_model cross_val AUC: 0.9160
Test AUC: 0.9118
              precision    recall  f1-score   support

           0       0.60      0.29      0.39       446
           1       0.65      0.42      0.51       400
           2       0.04      0.01      0.02        75
           3       0.71      0.42      0.53       123
           4       0.09      0.01      0.02        70
           5       0.51      0.23      0.32        82
           6       0.31      0.12      0.18       120
           7       0.63      0.30      0.41       576
           8       0.69      0.66      0.67       393
           9       0.16      0.07      0.10        44
          10       0.60      0.21      0.31       226
          11       0.36      0.27      0.31        55
          12       0.51      0.17      0.25       201

   micro avg       0.60      0.33      0.42      2811
   macro avg       0.45      0.25      0.31      2811
weighted avg       0.57      0.33      0.41      2811
 samples avg       0.13      0.10      0.10      2811

