
========================================
nb_model
========================================

nb_model cross_val AUC: 0.8241
Test AUC: 0.8162
              precision    recall  f1-score   support

           0       0.25      0.74      0.37       446
           1       0.25      0.82      0.39       400
           2       0.05      0.79      0.10        75
           3       0.12      0.92      0.21       123
           4       0.03      0.66      0.06        70
           5       0.04      0.59      0.07        82
           6       0.07      0.80      0.13       120
           7       0.27      0.72      0.39       576
           8       0.32      0.88      0.47       393
           9       0.03      0.80      0.06        44
          10       0.11      0.72      0.20       226
          11       0.05      0.89      0.10        55
          12       0.15      0.84      0.26       201

   micro avg       0.14      0.78      0.23      2811
   macro avg       0.13      0.78      0.22      2811
weighted avg       0.21      0.78      0.32      2811
 samples avg       0.06      0.20      0.08      2811


========================================
knn_model
========================================

knn_model cross_val AUC: 0.6721
Test AUC: 0.6694
              precision    recall  f1-score   support

           0       0.43      0.16      0.23       446
           1       0.47      0.16      0.24       400
           2       0.00      0.00      0.00        75
           3       0.47      0.07      0.11       123
           4       0.00      0.00      0.00        70
           5       0.00      0.00      0.00        82
           6       0.33      0.03      0.06       120
           7       0.37      0.13      0.20       576
           8       0.57      0.39      0.46       393
           9       0.00      0.00      0.00        44
          10       0.46      0.07      0.12       226
          11       0.50      0.04      0.07        55
          12       0.43      0.14      0.21       201

   micro avg       0.46      0.15      0.23      2811
   macro avg       0.31      0.09      0.13      2811
weighted avg       0.40      0.15      0.21      2811
 samples avg       0.06      0.04      0.04      2811


========================================
ada_model
========================================

ada_model cross_val AUC: 0.9024
Test AUC: 0.9014
              precision    recall  f1-score   support

           0       0.54      0.34      0.42       446
           1       0.61      0.43      0.50       400
           2       0.35      0.15      0.21        75
           3       0.54      0.35      0.42       123
           4       0.08      0.01      0.02        70
           5       0.53      0.32      0.40        82
           6       0.34      0.20      0.25       120
           7       0.57      0.35      0.44       576
           8       0.67      0.64      0.65       393
           9       0.38      0.14      0.20        44
          10       0.52      0.22      0.31       226
          11       0.44      0.29      0.35        55
          12       0.43      0.18      0.26       201

   micro avg       0.56      0.35      0.43      2811
   macro avg       0.46      0.28      0.34      2811
weighted avg       0.53      0.35      0.42      2811
 samples avg       0.14      0.11      0.11      2811


========================================
rf_model
========================================

rf_model cross_val AUC: 0.8947
Test AUC: 0.8938
              precision    recall  f1-score   support

           0       0.59      0.09      0.16       446
           1       0.74      0.17      0.28       400
           2       0.00      0.00      0.00        75
           3       1.00      0.04      0.08       123
           4       0.00      0.00      0.00        70
           5       0.00      0.00      0.00        82
           6       0.00      0.00      0.00       120
           7       0.66      0.09      0.15       576
           8       0.72      0.47      0.57       393
           9       0.00      0.00      0.00        44
          10       0.78      0.03      0.06       226
          11       0.00      0.00      0.00        55
          12       0.50      0.00      0.01       201

   micro avg       0.70      0.13      0.22      2811
   macro avg       0.38      0.07      0.10      2811
weighted avg       0.58      0.13      0.18      2811
 samples avg       0.06      0.03      0.04      2811


========================================
svc_model
========================================

svc_model cross_val AUC: 0.8238
Test AUC: 0.8310
              precision    recall  f1-score   support

           0       0.00      0.00      0.00       446
           1       0.00      0.00      0.00       400
           2       0.00      0.00      0.00        75
           3       0.00      0.00      0.00       123
           4       0.00      0.00      0.00        70
           5       0.00      0.00      0.00        82
           6       0.00      0.00      0.00       120
           7       0.00      0.00      0.00       576
           8       0.68      0.43      0.52       393
           9       0.00      0.00      0.00        44
          10       0.00      0.00      0.00       226
          11       0.00      0.00      0.00        55
          12       0.00      0.00      0.00       201

   micro avg       0.68      0.06      0.11      2811
   macro avg       0.05      0.03      0.04      2811
weighted avg       0.09      0.06      0.07      2811
 samples avg       0.04      0.01      0.02      2811


========================================
lr_model
========================================

lr_model cross_val AUC: 0.8667
Test AUC: 0.8768
              precision    recall  f1-score   support

           0       0.54      0.35      0.42       446
           1       0.58      0.45      0.50       400
           2       0.21      0.11      0.14        75
           3       0.51      0.40      0.45       123
           4       0.14      0.06      0.08        70
           5       0.36      0.24      0.29        82
           6       0.34      0.21      0.26       120
           7       0.59      0.35      0.44       576
           8       0.66      0.58      0.62       393
           9       0.18      0.07      0.10        44
          10       0.47      0.22      0.30       226
          11       0.37      0.24      0.29        55
          12       0.38      0.22      0.28       201

   micro avg       0.53      0.35      0.42      2811
   macro avg       0.41      0.27      0.32      2811
weighted avg       0.51      0.35      0.41      2811
 samples avg       0.13      0.10      0.10      2811


========================================
mlp_model
========================================

mlp_model cross_val AUC: 0.8702
Test AUC: 0.8810
              precision    recall  f1-score   support

           0       0.54      0.32      0.40       446
           1       0.45      0.55      0.50       400
           2       0.13      0.19      0.16        75
           3       0.56      0.36      0.44       123
           4       0.11      0.04      0.06        70
           5       0.32      0.30      0.31        82
           6       0.24      0.33      0.28       120
           7       0.51      0.52      0.52       576
           8       0.63      0.64      0.64       393
           9       0.16      0.23      0.19        44
          10       0.40      0.29      0.34       226
          11       0.32      0.40      0.36        55
          12       0.28      0.33      0.30       201

   micro avg       0.44      0.43      0.44      2811
   macro avg       0.36      0.35      0.34      2811
weighted avg       0.46      0.43      0.43      2811
 samples avg       0.14      0.13      0.12      2811


========================================
xgb_model
========================================

xgb_model cross_val AUC: 0.9157
Test AUC: 0.9109
              precision    recall  f1-score   support

           0       0.57      0.33      0.41       446
           1       0.62      0.41      0.50       400
           2       0.45      0.07      0.12        75
           3       0.65      0.41      0.51       123
           4       0.00      0.00      0.00        70
           5       0.64      0.28      0.39        82
           6       0.36      0.12      0.19       120
           7       0.56      0.34      0.42       576
           8       0.70      0.63      0.66       393
           9       0.67      0.05      0.09        44
          10       0.58      0.19      0.28       226
          11       0.38      0.18      0.25        55
          12       0.41      0.14      0.21       201

   micro avg       0.60      0.33      0.42      2811
   macro avg       0.51      0.24      0.31      2811
weighted avg       0.56      0.33      0.40      2811
 samples avg       0.14      0.10      0.11      2811


========================================
gbdt_model
========================================

gbdt_model cross_val AUC: 0.9155
Test AUC: 0.9107
              precision    recall  f1-score   support

           0       0.61      0.30      0.40       446
           1       0.65      0.41      0.51       400
           2       0.08      0.03      0.04        75
           3       0.59      0.38      0.46       123
           4       0.00      0.00      0.00        70
           5       0.59      0.24      0.34        82
           6       0.30      0.12      0.17       120
           7       0.65      0.30      0.41       576
           8       0.66      0.63      0.64       393
           9       0.18      0.07      0.10        44
          10       0.53      0.18      0.27       226
          11       0.36      0.29      0.32        55
          12       0.44      0.13      0.21       201

   micro avg       0.59      0.32      0.41      2811
   macro avg       0.43      0.24      0.30      2811
weighted avg       0.56      0.32      0.39      2811
 samples avg       0.13      0.09      0.10      2811

