
========================================
Now start to train img model
========================================


========================================
nb_model
========================================

nb_model cross_val AUC: 0.8237
Test AUC: 0.8176
              precision    recall  f1-score   support

           0       0.26      0.72      0.39       446
           1       0.26      0.82      0.40       400
           2       0.06      0.77      0.10        75
           3       0.12      0.90      0.21       123
           4       0.03      0.56      0.06        70
           5       0.03      0.50      0.06        82
           6       0.07      0.75      0.13       120
           7       0.28      0.70      0.40       576
           8       0.35      0.87      0.50       393
           9       0.03      0.73      0.06        44
          10       0.12      0.69      0.20       226
          11       0.06      0.87      0.11        55
          12       0.15      0.81      0.26       201

   micro avg       0.14      0.76      0.24      2811
   macro avg       0.14      0.75      0.22      2811
weighted avg       0.22      0.76      0.33      2811
 samples avg       0.06      0.20      0.08      2811


========================================
knn_model
========================================

knn_model cross_val AUC: 0.6893
Test AUC: 0.6916
              precision    recall  f1-score   support

           0       0.48      0.21      0.29       446
           1       0.45      0.21      0.29       400
           2       0.07      0.01      0.02        75
           3       0.41      0.14      0.21       123
           4       0.00      0.00      0.00        70
           5       0.25      0.01      0.02        82
           6       0.31      0.03      0.06       120
           7       0.36      0.15      0.21       576
           8       0.62      0.50      0.56       393
           9       0.00      0.00      0.00        44
          10       0.46      0.08      0.14       226
          11       0.44      0.07      0.12        55
          12       0.45      0.14      0.22       201

   micro avg       0.48      0.19      0.27      2811
   macro avg       0.33      0.12      0.17      2811
weighted avg       0.42      0.19      0.25      2811
 samples avg       0.07      0.05      0.05      2811


========================================
ada_model
========================================

ada_model cross_val AUC: 0.8346
Test AUC: 0.8437
              precision    recall  f1-score   support

           0       0.49      0.18      0.26       446
           1       0.56      0.24      0.33       400
           2       0.17      0.03      0.05        75
           3       0.38      0.16      0.23       123
           4       0.50      0.01      0.03        70
           5       0.62      0.06      0.11        82
           6       0.44      0.07      0.12       120
           7       0.52      0.14      0.22       576
           8       0.65      0.52      0.58       393
           9       0.25      0.05      0.08        44
          10       0.48      0.06      0.10       226
          11       0.36      0.16      0.23        55
          12       0.48      0.15      0.23       201

   micro avg       0.54      0.20      0.29      2811
   macro avg       0.45      0.14      0.20      2811
weighted avg       0.51      0.20      0.27      2811
 samples avg       0.08      0.05      0.06      2811


========================================
rf_model
========================================

rf_model cross_val AUC: 0.8305
Test AUC: 0.8268
              precision    recall  f1-score   support

           0       0.42      0.09      0.14       446
           1       0.70      0.12      0.20       400
           2       0.00      0.00      0.00        75
           3       0.75      0.02      0.05       123
           4       0.00      0.00      0.00        70
           5       0.00      0.00      0.00        82
           6       0.00      0.00      0.00       120
           7       0.58      0.08      0.15       576
           8       0.69      0.50      0.58       393
           9       0.00      0.00      0.00        44
          10       0.67      0.04      0.08       226
          11       0.00      0.00      0.00        55
          12       0.33      0.01      0.03       201

   micro avg       0.63      0.12      0.21      2811
   macro avg       0.32      0.07      0.09      2811
weighted avg       0.49      0.12      0.17      2811
 samples avg       0.06      0.03      0.04      2811


========================================
svc_model
========================================

svc_model cross_val AUC: 0.7083
Test AUC: 0.7108
              precision    recall  f1-score   support

           0       0.48      0.06      0.11       446
           1       0.92      0.03      0.05       400
           2       0.00      0.00      0.00        75
           3       0.00      0.00      0.00       123
           4       0.00      0.00      0.00        70
           5       0.00      0.00      0.00        82
           6       0.00      0.00      0.00       120
           7       0.76      0.03      0.05       576
           8       0.69      0.51      0.59       393
           9       0.00      0.00      0.00        44
          10       0.00      0.00      0.00       226
          11       0.00      0.00      0.00        55
          12       0.00      0.00      0.00       201

   micro avg       0.67      0.09      0.16      2811
   macro avg       0.22      0.05      0.06      2811
weighted avg       0.46      0.09      0.12      2811
 samples avg       0.05      0.02      0.03      2811


========================================
lr_model
========================================

lr_model cross_val AUC: 0.8603
Test AUC: 0.8564
              precision    recall  f1-score   support

           0       0.55      0.18      0.27       446
           1       0.61      0.24      0.35       400
           2       0.75      0.04      0.08        75
           3       0.57      0.22      0.32       123
           4       0.00      0.00      0.00        70
           5       0.33      0.01      0.02        82
           6       0.46      0.05      0.09       120
           7       0.58      0.15      0.24       576
           8       0.66      0.55      0.60       393
           9       0.00      0.00      0.00        44
          10       0.68      0.08      0.14       226
          11       0.54      0.13      0.21        55
          12       0.57      0.14      0.23       201

   micro avg       0.61      0.20      0.30      2811
   macro avg       0.48      0.14      0.19      2811
weighted avg       0.57      0.20      0.28      2811
 samples avg       0.08      0.05      0.06      2811


========================================
mlp_model
========================================

mlp_model cross_val AUC: 0.7986
Test AUC: 0.8271
              precision    recall  f1-score   support

           0       0.46      0.30      0.36       446
           1       0.53      0.30      0.38       400
           2       0.32      0.17      0.22        75
           3       0.30      0.19      0.23       123
           4       0.21      0.04      0.07        70
           5       0.31      0.05      0.08        82
           6       0.26      0.12      0.16       120
           7       0.43      0.27      0.33       576
           8       0.58      0.59      0.58       393
           9       0.15      0.07      0.09        44
          10       0.37      0.13      0.19       226
          11       0.21      0.16      0.18        55
          12       0.34      0.27      0.30       201

   micro avg       0.45      0.28      0.34      2811
   macro avg       0.34      0.20      0.25      2811
weighted avg       0.43      0.28      0.33      2811
 samples avg       0.09      0.07      0.07      2811


========================================
xgb_model
========================================

xgb_model cross_val AUC: 0.8412
Test AUC: 0.8412
              precision    recall  f1-score   support

           0       0.47      0.20      0.28       446
           1       0.53      0.24      0.33       400
           2       0.10      0.01      0.02        75
           3       0.43      0.17      0.24       123
           4       0.00      0.00      0.00        70
           5       0.29      0.02      0.04        82
           6       0.38      0.05      0.09       120
           7       0.47      0.16      0.24       576
           8       0.64      0.53      0.58       393
           9       0.00      0.00      0.00        44
          10       0.49      0.09      0.15       226
          11       0.56      0.09      0.16        55
          12       0.39      0.14      0.21       201

   micro avg       0.52      0.20      0.29      2811
   macro avg       0.36      0.13      0.18      2811
weighted avg       0.46      0.20      0.27      2811
 samples avg       0.08      0.05      0.06      2811


========================================
gbdt_model
========================================

gbdt_model cross_val AUC: 0.8577
Test AUC: 0.8555
              precision    recall  f1-score   support

           0       0.57      0.20      0.30       446
           1       0.62      0.26      0.37       400
           2       0.17      0.03      0.05        75
           3       0.54      0.24      0.34       123
           4       0.00      0.00      0.00        70
           5       0.10      0.01      0.02        82
           6       0.29      0.04      0.07       120
           7       0.55      0.13      0.21       576
           8       0.65      0.57      0.61       393
           9       0.04      0.02      0.03        44
          10       0.61      0.10      0.17       226
          11       0.25      0.11      0.15        55
          12       0.38      0.10      0.16       201

   micro avg       0.55      0.21      0.30      2811
   macro avg       0.37      0.14      0.19      2811
weighted avg       0.51      0.21      0.28      2811
 samples avg       0.08      0.05      0.06      2811


========================================
Now start to train text model
========================================


========================================
nb_model
========================================

nb_model cross_val AUC: 0.8525
Test AUC: 0.8478
              precision    recall  f1-score   support

           0       0.25      0.82      0.38       446
           1       0.28      0.91      0.42       400
           2       0.06      0.87      0.10        75
           3       0.12      0.93      0.22       123
           4       0.03      0.71      0.06        70
           5       0.05      0.78      0.10        82
           6       0.07      0.85      0.13       120
           7       0.27      0.80      0.40       576
           8       0.33      0.92      0.48       393
           9       0.03      0.82      0.06        44
          10       0.12      0.81      0.21       226
          11       0.06      0.89      0.11        55
          12       0.14      0.85      0.23       201

   micro avg       0.14      0.85      0.24      2811
   macro avg       0.14      0.84      0.22      2811
weighted avg       0.21      0.85      0.33      2811
 samples avg       0.07      0.23      0.10      2811


========================================
knn_model
========================================

knn_model cross_val AUC: 0.7716
Test AUC: 0.7629
              precision    recall  f1-score   support

           0       0.52      0.34      0.41       446
           1       0.60      0.40      0.48       400
           2       0.25      0.04      0.07        75
           3       0.73      0.33      0.45       123
           4       0.10      0.01      0.03        70
           5       0.57      0.20      0.29        82
           6       0.30      0.08      0.13       120
           7       0.56      0.31      0.40       576
           8       0.64      0.59      0.61       393
           9       0.67      0.05      0.09        44
          10       0.46      0.16      0.24       226
          11       0.41      0.22      0.29        55
          12       0.44      0.19      0.27       201

   micro avg       0.56      0.31      0.40      2811
   macro avg       0.48      0.22      0.29      2811
weighted avg       0.53      0.31      0.38      2811
 samples avg       0.12      0.09      0.10      2811


========================================
ada_model
========================================

ada_model cross_val AUC: 0.9050
Test AUC: 0.8989
              precision    recall  f1-score   support

           0       0.53      0.29      0.38       446
           1       0.62      0.41      0.49       400
           2       0.29      0.05      0.09        75
           3       0.61      0.40      0.48       123
           4       0.60      0.04      0.08        70
           5       0.51      0.27      0.35        82
           6       0.35      0.24      0.29       120
           7       0.57      0.35      0.44       576
           8       0.67      0.64      0.66       393
           9       0.30      0.14      0.19        44
          10       0.49      0.17      0.25       226
          11       0.39      0.27      0.32        55
          12       0.44      0.15      0.23       201

   micro avg       0.57      0.34      0.42      2811
   macro avg       0.49      0.26      0.33      2811
weighted avg       0.55      0.34      0.41      2811
 samples avg       0.14      0.10      0.11      2811


========================================
rf_model
========================================

rf_model cross_val AUC: 0.9059
Test AUC: 0.9010
              precision    recall  f1-score   support

           0       0.55      0.11      0.18       446
           1       0.72      0.28      0.41       400
           2       0.00      0.00      0.00        75
           3       0.80      0.16      0.27       123
           4       0.00      0.00      0.00        70
           5       0.00      0.00      0.00        82
           6       0.00      0.00      0.00       120
           7       0.67      0.14      0.23       576
           8       0.72      0.52      0.60       393
           9       0.00      0.00      0.00        44
          10       0.67      0.06      0.11       226
          11       0.00      0.00      0.00        55
          12       0.50      0.03      0.06       201

   micro avg       0.69      0.17      0.28      2811
   macro avg       0.36      0.10      0.14      2811
weighted avg       0.55      0.17      0.24      2811
 samples avg       0.08      0.05      0.06      2811


========================================
svc_model
========================================

svc_model cross_val AUC: 0.8652
Test AUC: 0.8524
              precision    recall  f1-score   support

           0       0.65      0.22      0.33       446
           1       0.72      0.35      0.47       400
           2       0.00      0.00      0.00        75
           3       0.80      0.35      0.49       123
           4       0.00      0.00      0.00        70
           5       0.00      0.00      0.00        82
           6       0.50      0.01      0.02       120
           7       0.72      0.26      0.38       576
           8       0.69      0.71      0.70       393
           9       0.00      0.00      0.00        44
          10       1.00      0.02      0.04       226
          11       0.40      0.07      0.12        55
          12       1.00      0.01      0.02       201

   micro avg       0.70      0.26      0.38      2811
   macro avg       0.50      0.15      0.20      2811
weighted avg       0.67      0.26      0.32      2811
 samples avg       0.11      0.07      0.08      2811


========================================
lr_model
========================================

lr_model cross_val AUC: 0.9289
Test AUC: 0.9266
              precision    recall  f1-score   support

           0       0.62      0.37      0.46       446
           1       0.66      0.41      0.51       400
           2       0.40      0.05      0.09        75
           3       0.71      0.44      0.54       123
           4       0.33      0.01      0.03        70
           5       0.67      0.29      0.41        82
           6       0.47      0.28      0.35       120
           7       0.68      0.40      0.51       576
           8       0.69      0.70      0.70       393
           9       0.67      0.09      0.16        44
          10       0.61      0.23      0.33       226
          11       0.40      0.22      0.28        55
          12       0.55      0.17      0.26       201

   micro avg       0.65      0.38      0.47      2811
   macro avg       0.57      0.28      0.36      2811
weighted avg       0.62      0.38      0.45      2811
 samples avg       0.15      0.11      0.12      2811


========================================
mlp_model
========================================

mlp_model cross_val AUC: 0.8765
Test AUC: 0.8776
              precision    recall  f1-score   support

           0       0.50      0.43      0.46       446
           1       0.54      0.52      0.53       400
           2       0.16      0.12      0.14        75
           3       0.59      0.54      0.57       123
           4       0.14      0.11      0.13        70
           5       0.35      0.24      0.29        82
           6       0.35      0.32      0.33       120
           7       0.53      0.51      0.52       576
           8       0.62      0.66      0.64       393
           9       0.25      0.20      0.23        44
          10       0.36      0.29      0.32       226
          11       0.28      0.22      0.24        55
          12       0.30      0.29      0.29       201

   micro avg       0.48      0.44      0.46      2811
   macro avg       0.38      0.34      0.36      2811
weighted avg       0.47      0.44      0.45      2811
 samples avg       0.15      0.14      0.13      2811


========================================
xgb_model
========================================

xgb_model cross_val AUC: 0.9190
Test AUC: 0.9126
              precision    recall  f1-score   support

           0       0.58      0.35      0.44       446
           1       0.61      0.42      0.50       400
           2       0.67      0.03      0.05        75
           3       0.69      0.45      0.54       123
           4       0.33      0.01      0.03        70
           5       0.57      0.24      0.34        82
           6       0.39      0.14      0.21       120
           7       0.59      0.37      0.46       576
           8       0.67      0.62      0.64       393
           9       0.60      0.07      0.12        44
          10       0.57      0.19      0.28       226
          11       0.36      0.16      0.23        55
          12       0.49      0.16      0.24       201

   micro avg       0.60      0.34      0.44      2811
   macro avg       0.55      0.25      0.31      2811
weighted avg       0.58      0.34      0.41      2811
 samples avg       0.14      0.11      0.11      2811


========================================
gbdt_model
========================================

gbdt_model cross_val AUC: 0.9142
Test AUC: 0.9104
              precision    recall  f1-score   support

           0       0.59      0.29      0.39       446
           1       0.65      0.42      0.51       400
           2       0.07      0.01      0.02        75
           3       0.67      0.42      0.52       123
           4       0.06      0.01      0.02        70
           5       0.58      0.18      0.28        82
           6       0.30      0.12      0.18       120
           7       0.66      0.30      0.41       576
           8       0.68      0.65      0.67       393
           9       0.21      0.09      0.13        44
          10       0.61      0.19      0.29       226
          11       0.31      0.27      0.29        55
          12       0.43      0.13      0.20       201

   micro avg       0.60      0.32      0.42      2811
   macro avg       0.45      0.24      0.30      2811
weighted avg       0.57      0.32      0.40      2811
 samples avg       0.13      0.10      0.10      2811


========================================
Now start to train img-text model
========================================


========================================
nb_model
========================================

nb_model cross_val AUC: 0.8420
Test AUC: 0.8379
              precision    recall  f1-score   support

           0       0.27      0.80      0.40       446
           1       0.28      0.88      0.43       400
           2       0.06      0.84      0.11        75
           3       0.12      0.93      0.22       123
           4       0.03      0.61      0.06        70
           5       0.04      0.63      0.08        82
           6       0.07      0.82      0.13       120
           7       0.29      0.76      0.42       576
           8       0.35      0.91      0.51       393
           9       0.03      0.84      0.07        44
          10       0.13      0.78      0.22       226
          11       0.06      0.89      0.11        55
          12       0.15      0.84      0.26       201

   micro avg       0.15      0.82      0.25      2811
   macro avg       0.15      0.81      0.23      2811
weighted avg       0.23      0.82      0.34      2811
 samples avg       0.07      0.22      0.09      2811


========================================
knn_model
========================================

knn_model cross_val AUC: 0.7454
Test AUC: 0.7399
              precision    recall  f1-score   support

           0       0.52      0.32      0.39       446
           1       0.57      0.35      0.43       400
           2       0.38      0.04      0.07        75
           3       0.56      0.28      0.37       123
           4       0.25      0.01      0.03        70
           5       0.31      0.05      0.08        82
           6       0.24      0.04      0.07       120
           7       0.49      0.23      0.31       576
           8       0.63      0.57      0.60       393
           9       0.20      0.02      0.04        44
          10       0.49      0.15      0.23       226
          11       0.43      0.16      0.24        55
          12       0.44      0.16      0.24       201

   micro avg       0.54      0.27      0.36      2811
   macro avg       0.42      0.18      0.24      2811
weighted avg       0.50      0.27      0.34      2811
 samples avg       0.11      0.08      0.08      2811


========================================
ada_model
========================================

ada_model cross_val AUC: 0.9049
Test AUC: 0.9039
              precision    recall  f1-score   support

           0       0.54      0.32      0.40       446
           1       0.57      0.41      0.47       400
           2       0.39      0.12      0.18        75
           3       0.60      0.48      0.53       123
           4       0.36      0.06      0.10        70
           5       0.43      0.24      0.31        82
           6       0.29      0.19      0.23       120
           7       0.54      0.33      0.41       576
           8       0.66      0.65      0.66       393
           9       0.38      0.14      0.20        44
          10       0.50      0.19      0.28       226
          11       0.33      0.24      0.27        55
          12       0.46      0.15      0.23       201

   micro avg       0.55      0.34      0.42      2811
   macro avg       0.47      0.27      0.33      2811
weighted avg       0.53      0.34      0.40      2811
 samples avg       0.13      0.10      0.11      2811


========================================
rf_model
========================================

rf_model cross_val AUC: 0.9028
Test AUC: 0.8917
              precision    recall  f1-score   support

           0       0.63      0.14      0.23       446
           1       0.70      0.20      0.31       400
           2       0.00      0.00      0.00        75
           3       0.88      0.11      0.20       123
           4       0.00      0.00      0.00        70
           5       0.00      0.00      0.00        82
           6       0.00      0.00      0.00       120
           7       0.65      0.10      0.17       576
           8       0.73      0.53      0.61       393
           9       0.00      0.00      0.00        44
          10       0.67      0.05      0.10       226
          11       0.00      0.00      0.00        55
          12       0.71      0.02      0.05       201

   micro avg       0.70      0.15      0.25      2811
   macro avg       0.38      0.09      0.13      2811
weighted avg       0.58      0.15      0.22      2811
 samples avg       0.07      0.04      0.05      2811


========================================
svc_model
========================================

svc_model cross_val AUC: 0.8764
Test AUC: 0.8711
              precision    recall  f1-score   support

           0       0.67      0.20      0.31       446
           1       0.72      0.32      0.44       400
           2       0.00      0.00      0.00        75
           3       0.85      0.28      0.42       123
           4       0.00      0.00      0.00        70
           5       0.00      0.00      0.00        82
           6       0.00      0.00      0.00       120
           7       0.71      0.17      0.28       576
           8       0.70      0.70      0.70       393
           9       0.00      0.00      0.00        44
          10       0.75      0.04      0.08       226
          11       0.00      0.00      0.00        55
          12       0.67      0.01      0.02       201

   micro avg       0.71      0.23      0.34      2811
   macro avg       0.39      0.13      0.17      2811
weighted avg       0.60      0.23      0.29      2811
 samples avg       0.10      0.06      0.07      2811


========================================
lr_model
========================================

lr_model cross_val AUC: 0.9257
Test AUC: 0.9267
              precision    recall  f1-score   support

           0       0.62      0.37      0.46       446
           1       0.67      0.43      0.52       400
           2       0.45      0.13      0.21        75
           3       0.71      0.46      0.56       123
           4       0.00      0.00      0.00        70
           5       0.63      0.29      0.40        82
           6       0.42      0.27      0.32       120
           7       0.68      0.41      0.51       576
           8       0.69      0.70      0.69       393
           9       0.64      0.20      0.31        44
          10       0.63      0.24      0.35       226
          11       0.47      0.27      0.34        55
          12       0.53      0.20      0.29       201

   micro avg       0.64      0.39      0.48      2811
   macro avg       0.55      0.31      0.38      2811
weighted avg       0.62      0.39      0.47      2811
 samples avg       0.15      0.11      0.12      2811


========================================
mlp_model
========================================

mlp_model cross_val AUC: 0.8794
Test AUC: 0.8864
              precision    recall  f1-score   support

           0       0.49      0.54      0.51       446
           1       0.54      0.52      0.53       400
           2       0.25      0.23      0.24        75
           3       0.56      0.46      0.51       123
           4       0.21      0.09      0.12        70
           5       0.39      0.30      0.34        82
           6       0.30      0.33      0.31       120
           7       0.54      0.51      0.52       576
           8       0.62      0.61      0.61       393
           9       0.28      0.18      0.22        44
          10       0.42      0.26      0.32       226
          11       0.28      0.25      0.27        55
          12       0.31      0.27      0.29       201

   micro avg       0.48      0.45      0.46      2811
   macro avg       0.40      0.35      0.37      2811
weighted avg       0.48      0.45      0.46      2811
 samples avg       0.15      0.14      0.13      2811


========================================
xgb_model
========================================

xgb_model cross_val AUC: 0.9185
Test AUC: 0.9142
              precision    recall  f1-score   support

           0       0.59      0.35      0.44       446
           1       0.64      0.42      0.51       400
           2       0.40      0.05      0.09        75
           3       0.68      0.42      0.52       123
           4       0.25      0.01      0.03        70
           5       0.65      0.24      0.35        82
           6       0.30      0.10      0.15       120
           7       0.58      0.33      0.42       576
           8       0.67      0.63      0.65       393
           9       1.00      0.09      0.17        44
          10       0.55      0.17      0.26       226
          11       0.32      0.11      0.16        55
          12       0.44      0.16      0.23       201

   micro avg       0.60      0.33      0.43      2811
   macro avg       0.54      0.24      0.31      2811
weighted avg       0.57      0.33      0.40      2811
 samples avg       0.14      0.10      0.11      2811


========================================
gbdt_model
========================================

gbdt_model cross_val AUC: 0.9151
Test AUC: 0.9106
              precision    recall  f1-score   support

           0       0.60      0.30      0.40       446
           1       0.65      0.41      0.50       400
           2       0.29      0.05      0.09        75
           3       0.62      0.39      0.48       123
           4       0.18      0.03      0.05        70
           5       0.49      0.21      0.29        82
           6       0.30      0.12      0.17       120
           7       0.66      0.29      0.40       576
           8       0.68      0.65      0.66       393
           9       0.00      0.00      0.00        44
          10       0.55      0.15      0.24       226
          11       0.32      0.24      0.27        55
          12       0.42      0.15      0.22       201

   micro avg       0.60      0.31      0.41      2811
   macro avg       0.44      0.23      0.29      2811
weighted avg       0.57      0.31      0.39      2811
 samples avg       0.13      0.09      0.10      2811

